# Training data for bootstrap set test
# See test.dscr for details
# ADN	AHP	BVAL	HBDP	HBDW	MOB	ABVAL	NBVAL	CONS
Features: 8
3.0000	5.3728	1.9069	7.7500	2.2857	2.1296	2.2183	2.3190	2
2.0000	2.4270	5.8727	1.0000	2.2857	5.3383	1.9068	2.6353	2
6.0000	5.2810	4.4881	5.5000	2.2857	6.0596	4.8501	3.4559	2
3.0000	2.0102	4.1142	3.2500	1.0000	4.0336	1.6209	1.2973	2
4.0000	8.4600	4.6519	7.7500	4.8571	3.3054	5.0909	5.4483	2
5.0000	6.7998	5.5738	7.7500	2.2857	4.2814	5.7041	5.0066	2
3.0000	2.2292	8.5992	3.2500	1.0000	6.1962	4.0992	5.5386	2
2.0000	2.2433	3.7669	3.2500	1.0000	4.7941	1.5349	1.6806	2
11.0000	11.0361	2.8565	16.7500	1.0000	2.4600	5.7283	2.3351	2
3.0000	4.7300	4.0888	5.5000	2.2857	3.1057	2.0911	2.1019	2
4.0000	4.4521	3.7219	5.5000	1.0000	6.4323	1.8222	1.2536	2
5.0000	5.7402	1.6415	5.5000	2.2857	1.7957	1.4650	0.6546	2
5.0000	5.5495	1.3254	10.0000	2.2857	1.5709	2.3273	1.5393	2
1.0000	1.6429	3.2892	3.2500	1.0000	3.9527	1.2459	1.7885	2
2.0000	4.5063	4.6138	5.5000	2.2857	5.5049	3.3397	6.3140	2
3.0000	6.1570	2.3431	3.2500	4.8571	2.6112	1.2845	0.7216	2
2.0000	4.5463	3.8592	5.5000	2.2857	3.2666	2.1013	3.1352	2
2.0000	2.2433	5.9362	3.2500	1.0000	5.8453	2.1345	3.2198	2
2.0000	5.7896	4.0958	5.5000	3.5714	4.7427	2.2486	3.5127	2
7.0000	5.0903	1.1777	7.7500	1.0000	1.3615	2.7645	1.4460	2
6.0000	5.2834	1.7015	10.0000	1.0000	1.6740	2.9190	1.8031	2
2.0000	4.7300	5.1319	3.2500	2.2857	6.9733	1.5690	1.7681	2
2.0000	2.2433	3.0769	3.2500	1.0000	4.0360	1.9380	2.7155	2
7.0000	7.3932	1.8388	12.2500	2.2857	1.9202	3.2267	1.7841	2
2.0000	4.3132	2.7019	3.2500	3.5714	2.5821	1.5900	1.8220	2
1.0000	3.3030	4.4581	3.2500	1.0000	5.0698	1.2314	1.7142	2
1.0000	4.5463	3.6377	3.2500	3.5714	3.0018	1.3816	2.4852	2
1.0000	3.4867	2.2877	1.0000	3.5714	2.9367	1.0798	0.9359	2
2.0000	2.2433	4.1269	3.2500	1.0000	6.1372	1.9057	2.6324	2
6.0000	4.2637	4.9669	7.7500	1.0000	6.7982	6.2316	4.6379	2
3.0000	2.3870	4.4685	3.2500	1.0000	5.0819	1.7069	1.4445	2
2.0000	4.1295	4.7477	3.2500	2.2857	5.4066	1.2019	0.8266	2
5.0000	4.4969	2.0408	7.7500	1.0000	1.8034	2.4698	1.6850	2
2.0000	5.3728	3.0319	5.5000	3.5714	2.9811	1.5377	1.6879	2
1.0000	4.5463	3.6019	3.2500	2.2857	5.1438	1.2913	2.0217	2
6.0000	6.7104	2.4965	7.7500	2.2857	3.2330	2.3216	1.2930	2
1.0000	2.0597	6.4115	3.2500	1.0000	5.3189	1.7788	4.5242	2
1.0000	4.5463	3.8442	3.2500	2.2857	3.7999	1.6127	3.6716	2
6.0000	7.4003	3.0365	10.0000	2.2857	2.8938	3.2963	2.1266	2
2.0000	3.2889	3.0654	3.2500	2.2857	3.6713	1.5976	1.8410	2
1.0000	3.3030	4.6981	3.2500	2.2857	3.8225	1.5695	3.4500	2
2.0000	3.2630	4.7385	5.5000	1.0000	7.1488	2.2529	3.5244	2
2.0000	4.5463	6.0573	1.0000	2.2857	6.4097	2.2217	3.4428	2
2.0000	6.6162	4.1188	5.5000	3.5714	4.0695	2.1930	3.3699	2
8.0000	6.4702	2.0627	7.7500	2.2857	2.6173	2.7730	1.2813	2
4.0000	4.6900	4.7465	7.7500	1.0000	4.6853	5.3881	5.8301	2
2.0000	2.2433	7.2931	3.2500	1.0000	6.0276	2.6157	4.4543	2
2.0000	3.3030	6.1808	5.5000	1.0000	7.0728	1.8506	2.4910	2
3.0000	6.1994	4.6969	7.7500	3.5714	4.7540	2.6186	3.0040	2
2.0000	6.8352	3.1588	5.5000	4.8571	6.3863	1.9494	2.7446	2
4.0000	4.4969	6.9319	5.5000	2.2857	5.0965	5.8117	6.3738	2
4.0000	6.7998	4.0046	7.7500	3.5714	4.5430	1.5942	0.9606	2
2.0000	1.1837	3.2154	1.0000	1.0000	3.5225	1.5105	1.6180	2
4.0000	3.8540	3.9515	3.2500	2.2857	4.0000	2.8241	2.5391	2
4.0000	3.4372	9.4035	3.2500	1.0000	6.3943	4.2738	4.4003	2
1.0000	3.3030	3.8535	3.2500	2.2857	3.6814	1.4364	2.7665	2
4.0000	4.3132	5.6673	7.7500	1.0000	3.6389	7.0371	7.9464	2
2.0000	4.5463	7.6773	1.0000	2.2857	8.8125	1.4753	1.5276	2
1.0000	2.8862	3.2246	3.2500	2.2857	3.1311	1.3870	2.5129	2
4.0000	3.2535	3.8638	5.5000	1.0000	3.9026	2.9601	2.7140	2
5.0000	4.4969	2.5635	7.7500	1.0000	2.5962	2.8446	2.0698	2
5.0000	7.6264	1.9185	10.0000	3.5714	2.1175	2.4942	1.7113	2
6.0000	5.7002	2.0108	10.0000	1.0000	2.1030	2.4343	1.3891	2
2.0000	3.4867	4.0231	3.2500	2.2857	4.8761	1.6891	2.0771	2
1.0000	3.1052	3.2154	3.2500	2.2857	3.1598	1.8128	4.6991	2
4.0000	4.4969	5.0569	5.5000	2.2857	6.4065	3.6338	3.5783	2
6.0000	5.9239	2.6708	7.7500	2.2857	3.3268	2.4851	1.4329	2
7.0000	8.1279	2.0985	12.2500	2.2857	2.6682	4.6026	2.7942	2
4.0000	5.7402	2.4377	5.5000	3.5714	3.1497	2.5084	2.1339	2
10.0000	9.9765	2.4262	12.2500	2.2857	2.3253	4.2275	1.7900	2
1.0000	3.3030	6.0354	3.2500	2.2857	5.0164	1.7884	4.5738	2
5.0000	5.7402	3.5154	7.7500	2.2857	3.4772	4.6091	3.8815	2
1.0000	1.0000	2.7285	1.0000	1.0000	7.4338	1.1837	1.4693	2
1.0000	4.7300	3.2869	1.0000	4.8571	7.7411	1.3591	2.3700	2
3.0000	3.2535	8.3223	3.2500	2.2857	5.7915	5.6278	8.1534	2
3.0000	5.5565	3.9838	5.5000	3.5714	4.5187	1.7975	1.5990	2
4.0000	4.3132	3.1127	5.5000	1.0000	3.5059	2.0598	1.5582	2
1.0000	3.3030	4.8631	3.2500	2.2857	5.9334	1.3370	2.2564	2
2.0000	3.2630	5.5115	5.5000	1.0000	7.4694	2.0715	3.0580	2
8.0000	7.3108	3.5246	7.7500	2.2857	2.7887	5.3044	2.9064	2
2.0000	2.2433	3.2962	3.2500	1.0000	3.7194	1.2842	1.0379	2
4.0000	3.8540	2.1319	3.2500	2.2857	2.7155	1.9713	1.4445	2
5.0000	5.7402	7.5054	7.7500	2.2857	5.1604	5.5219	4.8186	2
4.0000	4.3132	6.8904	7.7500	1.0000	4.7605	5.6562	6.1741	2
3.0000	5.7896	2.7192	7.7500	2.2857	2.6253	1.8744	1.7317	2
3.0000	4.9137	3.0192	3.2500	3.5714	3.9547	2.3792	2.5945	2
4.0000	4.9137	5.2000	5.5000	2.2857	4.3445	3.6543	3.6045	2
3.0000	5.5165	1.7696	5.5000	3.5714	1.9445	1.6797	1.3979	2
5.0000	5.7402	3.7554	7.7500	2.2857	3.5633	3.1134	2.3467	2
3.0000	4.7300	4.7927	5.5000	2.2857	6.2447	3.7920	5.0125	2
1.0000	5.7896	6.0192	3.2500	4.8571	5.7980	1.6910	4.0738	2
7.0000	4.8642	2.3523	7.7500	1.0000	2.9007	1.6405	0.6211	2
9.0000	7.1601	2.0431	10.0000	1.0000	2.5898	3.9328	1.8104	2
1.0000	3.2630	6.8119	3.2500	2.2857	5.6407	1.5261	3.2270	2
2.0000	2.2433	4.2665	3.2500	1.0000	5.7135	1.7291	2.1791	2
3.0000	3.2535	5.0569	3.2500	2.2857	3.7465	4.0251	5.4118	2
5.0000	6.9035	2.0385	7.7500	2.2857	2.1325	2.3242	1.5364	2
2.0000	4.5463	2.7112	5.5000	2.2857	3.5379	1.9829	2.8306	2
5.0000	4.4969	4.8285	5.5000	1.0000	4.4071	4.2542	3.5171	2
1.0000	3.3030	9.8362	3.2500	2.2857	7.1298	1.8421	4.8492	2
4.0000	4.9137	5.9569	5.5000	2.2857	8.1442	2.7003	2.3802	2
4.0000	4.2991	4.4869	5.5000	2.2857	3.1982	3.4485	3.3407	2
3.0000	4.7300	6.3804	5.5000	1.0000	7.3049	2.1541	2.2097	2
1.0000	2.0597	6.0112	3.2500	1.0000	8.2214	1.2805	1.9663	2
10.0000	9.7527	1.8631	12.2500	1.0000	1.9457	3.9791	1.6617	2
4.0000	4.3132	6.9504	7.7500	1.0000	7.3602	3.8766	3.8902	2
3.0000	3.6703	4.7823	3.2500	2.2857	3.5569	4.5801	6.3606	2
1.0000	5.7896	6.7035	3.2500	4.8571	6.7425	1.3322	2.2316	2
3.0000	4.7300	5.8831	3.2500	2.2857	3.9555	3.4096	4.3581	2
4.0000	3.8964	4.6658	7.7500	1.0000	3.7974	4.2116	4.3202	2
4.0000	3.4372	5.2842	3.2500	2.2857	3.7166	4.6903	4.9338	2
4.0000	3.4725	2.3858	5.5000	1.0000	2.5930	2.0377	1.5305	2
7.0000	7.3108	2.0835	7.7500	2.2857	2.5408	1.8160	0.7493	2
3.0000	5.3728	5.3996	5.5000	2.2857	7.3534	2.8048	3.3232	2
1.0000	4.5463	3.8119	3.2500	3.5714	4.6105	1.0219	0.6385	2
4.0000	7.8454	3.1946	7.7500	3.5714	2.4588	2.7733	2.4735	2
6.0000	6.1075	2.0569	5.5000	3.5714	1.9833	2.9979	1.8716	2
4.0000	4.7159	5.4077	3.2500	2.2857	6.2771	2.6660	2.3365	2
5.0000	5.3234	2.5877	7.7500	2.2857	2.8190	2.7134	1.9357	2
3.0000	4.3132	5.5727	3.2500	2.2857	6.3656	2.1300	2.1689	2
1.0000	4.5463	2.9165	3.2500	3.5714	2.3460	1.3330	2.2360	2
6.0000	5.2810	2.2842	5.5000	2.2857	2.6880	2.4494	1.4023	2
2.0000	2.2433	4.1188	3.2500	1.0000	4.6756	1.3810	1.2857	2
1.0000	2.8862	3.9354	3.2500	2.2857	6.3628	1.4460	2.8160	2
1.0000	3.3030	4.5342	1.0000	2.2857	6.1251	1.2938	2.0348	2
3.0000	3.2889	6.6573	5.5000	1.0000	5.5166	5.4637	7.8735	2
4.0000	6.1570	3.3469	5.5000	3.5714	4.4399	2.1964	1.7331	2
7.0000	4.4050	3.3850	3.2500	2.2857	2.8849	3.9288	2.3001	2
8.0000	6.7504	2.7469	10.0000	1.0000	2.0674	5.1207	2.7883	2
2.0000	3.2889	3.7600	3.2500	2.2857	4.3251	2.6098	4.4397	2
4.0000	4.6900	5.9535	5.5000	1.0000	5.8008	4.1162	4.1977	2
13.0000	7.2520	6.7750	10.0000	1.0000	4.2854	31.7888	12.2810	2
1.0000	3.2630	4.0692	3.2500	2.2857	4.0206	2.0332	5.8301	2
1.0000	2.0597	3.4242	3.2500	1.0000	5.0933	1.3887	2.5216	2
6.0000	5.6601	2.7169	10.0000	1.0000	2.2889	4.7113	3.3378	2
4.0000	4.3132	5.1919	7.7500	1.0000	5.7179	3.7176	3.6862	2
4.0000	4.9137	3.2027	3.2500	2.2857	3.3547	3.2171	3.0434	2
5.0000	6.3430	5.3638	10.0000	2.2857	3.7683	5.7447	5.0474	2
2.0000	3.4867	3.5200	3.2500	2.2857	3.4137	1.4622	1.4941	2
3.0000	5.5565	3.6538	5.5000	3.5714	4.3113	2.2327	2.3438	2
3.0000	4.5322	7.9115	1.0000	2.2857	5.4244	4.1937	5.7004	2
4.0000	4.2943	6.2915	7.7500	1.0000	5.2222	2.8466	2.5683	2
1.0000	3.2630	6.5385	3.2500	1.0000	6.3903	2.4127	7.7788	2
5.0000	6.8281	2.1423	10.0000	2.2857	2.3779	1.6073	0.8003	2
2.0000	4.5463	2.6027	5.5000	2.2857	2.2550	1.6499	1.9751	2
6.0000	6.3830	2.9062	12.2500	1.0000	2.5000	4.1679	2.8729	2
5.0000	4.8995	4.5365	5.5000	2.2857	5.1612	3.5998	2.8452	2
4.0000	5.7755	5.4181	5.5000	2.2857	6.1861	2.5266	2.1572	2
5.0000	4.5181	2.4538	7.7500	1.0000	3.1724	2.3554	1.5684	2
3.0000	4.3132	4.0462	5.5000	2.2857	3.9980	3.5819	4.6525	2
1.0000	3.3030	6.7231	3.2500	2.2857	5.5691	1.8463	4.8711	2
2.0000	4.7300	4.3519	5.5000	3.5714	5.8663	1.6981	2.1004	2
5.0000	5.0973	3.1692	5.5000	2.2857	2.8008	3.1606	2.3948	2
5.0000	5.7355	5.2231	7.7500	1.0000	6.3863	2.8085	2.0334	2
3.0000	3.4466	4.0819	5.5000	1.0000	4.9501	2.7233	3.1833	2
4.0000	4.2991	5.3131	5.5000	2.2857	7.2305	2.6932	2.3715	2
2.0000	4.5063	6.5038	5.5000	2.2857	7.2070	1.9125	2.6499	2
2.0000	2.2433	5.1204	3.2500	1.0000	5.6569	1.4858	1.5553	2
1.0000	3.1052	3.5431	3.2500	2.2857	3.0123	1.2450	1.7841	2
9.0000	10.1625	5.2369	14.5000	3.5714	5.5368	4.0262	1.8643	2
8.0000	6.9341	1.6762	10.0000	2.2857	1.8361	2.3426	1.0058	2
3.0000	3.0699	4.2677	5.5000	1.0000	3.5949	3.4513	4.4295	2
1.0000	2.0597	4.9635	3.2500	1.0000	4.7953	1.3208	2.1733	2
1.0000	1.0000	9.7981	1.0000	1.0000	6.7703	1.7754	4.5067	2
3.0000	4.9137	2.3188	3.2500	3.5714	1.9809	1.6993	1.4314	2
1.0000	2.0597	9.8085	3.2500	1.0000	7.3101	1.6874	4.0549	2
1.0000	1.8619	5.3004	3.2500	1.0000	5.5857	2.4025	7.7263	2
2.0000	2.2433	4.7073	3.2500	1.0000	6.3709	1.4812	1.5436	2
3.0000	5.5918	3.2062	7.7500	2.2857	2.6678	2.8605	3.4180	2
2.0000	2.2033	7.9912	3.2500	1.0000	5.4761	2.7801	4.8769	2
4.0000	3.2135	2.7608	5.5000	1.0000	2.6985	2.0428	1.5364	2
1.0000	4.5463	4.0196	3.2500	3.5714	2.8946	1.5443	3.3203	2
2.0000	4.1295	6.7542	5.5000	2.2857	4.4961	2.7855	4.8900	2
2.0000	6.6162	3.8673	5.5000	3.5714	5.1786	1.3089	1.1006	2
2.0000	4.1295	4.5250	5.5000	2.2857	3.8019	2.0181	2.9210	2
3.0000	4.7159	3.6446	3.2500	3.5714	4.8624	1.9943	1.9357	2
2.0000	5.9333	3.8246	3.2500	4.8571	6.4671	1.9681	2.7927	2
7.0000	7.9937	4.2181	10.0000	3.5714	4.0420	4.5080	2.7242	2
3.0000	3.4725	3.3435	3.2500	2.2857	2.8501	2.2679	2.4050	2
2.0000	5.3728	2.3800	3.2500	3.5714	2.3229	1.3066	1.0947	2
1.0000	1.6429	7.2746	1.0000	1.0000	8.5841	1.7149	4.1963	2
4.0000	3.6303	5.0627	5.5000	1.0000	5.5922	3.5390	3.4573	2
1.0000	4.5463	1.5342	3.2500	3.5714	1.6881	1.2981	2.0567	2
7.0000	4.6311	2.8415	3.2500	2.2857	3.3895	3.6509	2.0960	2
5.0000	4.6758	3.3423	7.7500	1.0000	4.0194	3.4882	2.7315	2
7.0000	8.4058	2.2000	10.0000	2.2857	2.3043	3.7747	2.1864	2
1.0000	3.3030	5.0869	3.2500	2.2857	6.9094	1.4301	2.7344	2
4.0000	4.4969	3.9838	7.7500	2.2857	3.3664	3.9603	3.9981	2
2.0000	3.4466	6.9838	3.2500	2.2857	4.8212	2.3000	3.6453	2
3.0000	3.4867	4.3692	5.5000	1.0000	5.8910	2.3849	2.6047	2
7.0000	5.5071	2.4573	7.7500	1.0000	2.5784	3.1926	1.7594	2
5.0000	5.5071	1.7027	3.2500	3.5714	1.5252	2.0598	1.2653	2
4.0000	6.7998	2.7377	7.7500	3.5714	2.3205	2.3818	1.9721	2
1.0000	4.5463	2.7942	3.2500	3.5714	3.6555	1.3143	2.1398	2
1.0000	4.3485	7.3208	3.2500	3.5714	8.3981	1.6473	3.8494	2
1.0000	4.5463	4.9369	3.2500	3.5714	5.6265	1.1760	1.4300	2
2.0000	4.3132	2.9581	3.2500	3.5714	3.3264	1.2814	1.0291	2
1.0000	4.1295	3.9100	3.2500	3.5714	4.4330	1.1337	1.2128	2
2.0000	2.8862	2.8369	5.5000	1.0000	2.7717	1.5522	1.7258	2
1.0000	2.0597	5.4019	3.2500	1.0000	7.3566	1.3180	2.1587	2
2.0000	4.3132	7.0404	3.2500	3.5714	5.8243	1.8367	2.4560	2
6.0000	3.6209	5.4100	5.5000	1.0000	3.7982	4.7513	3.3713	2
3.0000	4.3132	2.3477	3.2500	2.2857	1.8867	2.4610	2.7344	2
3.0000	3.2889	4.8123	5.5000	1.0000	6.5197	2.0664	2.0596	2
6.0000	6.5667	6.4381	7.7500	2.2857	4.7508	13.6497	10.9853	2
4.0000	5.7402	1.2054	7.7500	3.5714	1.4007	2.1865	1.7215	2
4.0000	5.3587	2.6823	5.5000	2.2857	2.6124	1.7847	1.2055	2
3.0000	4.1295	2.6823	7.7500	1.0000	2.4086	1.9304	1.8264	2
2.0000	4.5322	3.0769	3.2500	3.5714	4.0360	2.8812	5.1364	2
5.0000	9.0628	2.3223	10.0000	3.5714	2.6217	2.4528	1.6675	2
6.0000	8.2268	2.0812	10.0000	3.5714	2.3067	2.4357	1.3906	2
8.0000	7.5722	3.1069	12.2500	1.0000	2.6613	5.3620	2.9428	2
2.0000	2.2433	5.0385	3.2500	1.0000	4.8668	1.4738	1.5247	2
1.0000	4.1295	3.9042	3.2500	3.5714	3.8589	1.5587	3.3947	2
3.0000	4.9137	4.4281	3.2500	3.5714	5.6791	1.2992	0.7464	2
4.0000	5.9592	4.2504	3.2500	3.5714	5.7224	2.2103	1.7521	2
1.0000	4.5063	3.8742	3.2500	3.5714	4.3914	1.7135	4.1890	2
1.0000	5.7496	3.9342	3.2500	4.8571	4.5503	2.3310	7.3590	2
4.0000	4.8336	3.9781	5.5000	2.2857	3.1255	2.8718	2.6003	2
3.0000	3.4725	5.8935	3.2500	2.2857	5.3569	2.9933	3.6453	2
11.0000	6.2017	2.7365	7.7500	1.0000	2.3637	5.3583	2.1631	2
2.0000	6.8352	3.7462	5.5000	4.8571	3.8536	2.6004	4.4164	2
3.0000	4.7300	2.7423	5.5000	2.2857	2.0815	2.5879	2.9516	2
1.0000	2.0597	5.9696	3.2500	1.0000	6.8274	1.1136	1.1093	2
6.0000	4.2637	3.8096	7.7500	1.0000	4.8511	2.0647	1.0729	2
4.0000	5.7755	3.6654	7.7500	2.2857	4.6582	1.7322	1.1385	2
2.0000	5.9733	2.8058	3.2500	4.8571	3.2318	1.6277	1.9197	2
6.0000	5.9192	1.8654	7.7500	1.0000	2.3375	2.7219	1.6355	2
6.0000	5.2433	3.1035	10.0000	1.0000	2.6573	3.5524	2.3453	2
2.0000	4.1295	4.7696	5.5000	2.2857	3.5823	2.4000	3.9004	2
3.0000	4.3132	5.6223	3.2500	2.2857	4.6841	2.6538	3.0653	2
3.0000	1.3673	8.1331	1.0000	1.0000	5.9375	4.0188	5.4002	2
3.0000	5.7096	4.2423	5.5000	2.2857	4.1844	3.1736	3.9543	2
1.0000	3.3030	4.4615	3.2500	2.2857	6.0163	1.6689	3.9602	2
3.0000	3.2535	5.9177	3.2500	2.2857	5.5776	2.2804	2.4254	2
4.0000	6.6020	6.5385	7.7500	3.5714	6.3903	2.6862	2.3628	2
1.0000	4.5463	5.0154	3.2500	3.5714	4.1937	1.3929	2.5435	2
2.0000	5.5518	5.9858	5.5000	3.5714	6.8460	2.3068	3.6614	2
4.0000	6.1170	3.8119	5.5000	3.5714	4.3190	2.7543	2.4502	2
1.0000	4.5463	5.1446	3.2500	3.5714	4.1278	1.7421	4.3362	2
1.0000	4.5463	5.9742	3.2500	3.5714	6.8326	1.4151	2.6572	2
6.0000	7.3203	4.0415	5.5000	2.2857	4.8996	3.3885	2.2053	2
1.0000	1.8619	4.4615	3.2500	1.0000	5.4931	1.3668	2.4094	2
2.0000	5.3728	2.5762	7.7500	3.5714	2.5384	1.4897	1.5640	2
9.0000	5.6083	2.1042	7.7500	1.0000	2.5687	2.6325	1.0685	2
8.0000	7.3509	3.0850	10.0000	2.2857	3.5253	4.3981	2.3249	2
1.0000	3.1052	5.7319	3.2500	2.2857	6.7522	1.5883	3.5462	2
3.0000	4.3132	4.3358	5.5000	2.2857	4.2822	4.0833	5.5109	2
3.0000	4.1154	2.9881	5.5000	2.2857	2.4992	1.9028	1.7798	2
2.0000	3.4867	4.8642	3.2500	2.2857	5.3698	2.7855	4.8900	2
6.0000	5.3234	2.5554	7.7500	1.0000	2.0827	3.9450	2.6819	2
6.0000	4.8195	8.6685	10.0000	1.0000	5.6844	8.6006	6.6653	2
3.0000	5.7896	2.1065	5.5000	2.2857	2.4644	1.8566	1.7011	2
3.0000	4.5463	3.8835	7.7500	1.0000	4.2709	1.6956	1.4256	2
4.0000	4.6805	5.1412	3.2500	3.5714	3.6616	3.3108	3.1644	2
8.0000	8.8203	3.3377	12.2500	2.2857	3.1744	3.6611	1.8512	2
3.0000	3.4466	4.7881	5.5000	1.0000	5.8388	2.1958	2.2811	2
3.0000	4.9137	6.5719	3.2500	3.5714	5.4478	2.6643	3.0828	2
8.0000	9.3901	3.7808	7.7500	2.2857	3.7376	7.7517	4.4761	2
1.0000	3.1052	4.4615	3.2500	2.2857	5.5615	1.2632	1.8774	2
3.0000	5.5565	2.2912	5.5000	2.2857	2.0484	2.0408	2.0159	2
2.0000	1.8265	4.3496	3.2500	1.0000	5.5740	1.2621	0.9796	2
8.0000	5.0479	1.3992	10.0000	1.0000	1.5139	2.3457	1.0073	2
1.0000	1.6429	4.9542	3.2500	1.0000	5.4709	1.2135	1.6223	2
2.0000	7.8595	6.2431	5.5000	6.1429	5.1834	2.4085	3.9237	2
4.0000	2.6107	3.0769	3.2500	1.0000	4.0360	2.6438	2.3088	2
2.0000	2.8862	4.3496	7.7500	1.0000	5.0892	1.8313	2.4415	2
1.0000	4.3485	3.8454	3.2500	3.5714	4.6526	1.3092	2.1135	2
6.0000	5.5071	4.2019	7.7500	2.2857	5.6536	3.5291	2.3263	2
7.0000	8.4882	2.0627	14.5000	1.0000	1.8220	5.0298	3.1075	2
2.0000	4.5063	6.0273	5.5000	2.2857	8.2441	1.5565	1.7360	2
5.0000	3.0204	2.8162	3.2500	1.0000	3.6685	2.7177	1.9401	2
1.0000	4.5463	3.7727	1.0000	3.5714	4.0101	1.5832	3.5200	2
4.0000	4.3132	4.5688	5.5000	1.0000	4.3210	2.3787	1.9678	2
4.0000	3.4725	6.8408	5.5000	1.0000	5.6637	4.0918	4.1671	2
2.0000	4.1295	4.1881	5.5000	2.2857	6.6539	2.0800	3.0798	2
3.0000	3.2889	4.4881	5.5000	1.0000	4.5321	4.0242	5.4104	2
1.0000	6.6162	4.3462	3.2500	6.1429	4.6809	1.5755	3.4806	2
3.0000	5.7402	2.6823	3.2500	4.8571	2.8655	2.0093	1.9619	2
4.0000	5.6954	4.6069	7.7500	2.2857	6.4938	5.4617	5.9249	2
2.0000	1.8265	5.6800	3.2500	1.0000	7.7512	1.4892	1.5626	2
4.0000	4.9137	4.6208	5.5000	2.2857	3.2852	4.0972	4.1730	2
2.0000	3.0699	3.6965	3.2500	2.2857	3.4550	2.1271	3.2008	2
3.0000	6.6162	6.0631	7.7500	3.5714	5.5615	2.6907	3.1279	2
2.0000	3.3030	1.0912	5.5000	1.0000	1.2385	1.4639	1.4985	2
3.0000	4.7300	4.4962	5.5000	2.2857	6.0713	2.4056	2.6397	2
3.0000	3.6303	2.4446	3.2500	1.0000	2.4102	2.3511	2.5464	2
1.0000	4.5463	4.6254	3.2500	3.5714	4.5305	1.2623	1.8730	2
4.0000	3.2535	4.8746	5.5000	1.0000	4.9218	3.3133	3.1673	2
1.0000	5.7896	3.2846	3.2500	3.5714	6.6810	1.3651	2.4006	2
1.0000	5.7896	5.2715	1.0000	3.5714	6.0155	1.2726	1.9255	2
1.0000	3.3030	4.5815	3.2500	2.2857	6.9288	1.5269	3.2314	2
4.0000	3.8964	3.0896	7.7500	1.0000	3.5306	2.7089	2.3919	2
4.0000	3.2135	4.6450	5.5000	1.0000	4.5495	5.3260	5.7500	2
6.0000	5.5024	3.4242	10.0000	1.0000	2.9152	3.6290	2.4109	2
1.0000	1.0000	4.6531	1.0000	1.0000	4.4108	1.4159	2.6615	2
3.0000	4.5322	5.9662	5.5000	2.2857	4.9578	2.8556	3.4107	2
2.0000	2.8462	3.0769	5.5000	1.0000	4.0360	2.2026	3.3947	2
4.0000	6.1170	3.5408	5.5000	2.2857	2.9888	2.7421	2.4342	2
1.0000	4.5463	5.6788	3.2500	3.5714	6.5985	1.3498	2.3219	2
5.0000	6.7857	2.3604	7.7500	3.5714	2.1499	3.9135	3.1673	2
3.0000	4.1295	4.3312	7.7500	1.0000	5.8368	2.0178	1.9765	2
5.0000	5.3187	7.1985	10.0000	1.0000	5.0168	3.1759	2.4109	2
1.0000	4.1295	2.7158	3.2500	3.5714	3.0446	1.6226	3.7226	2
1.0000	3.1052	3.1485	3.2500	2.2857	3.5476	1.2158	1.6340	2
3.0000	4.3344	2.4781	5.5000	2.2857	3.2071	1.6334	1.3192	2
1.0000	4.5063	4.5746	3.2500	3.5714	3.8395	1.5318	3.2562	2
7.0000	7.3061	5.5485	10.0000	2.2857	3.8884	6.0499	3.8552	2
2.0000	4.5063	7.4546	5.5000	2.2857	4.9307	3.5254	6.7892	2
8.0000	8.4105	1.4408	7.7500	2.2857	1.7346	2.9931	1.4227	2
9.0000	8.1774	4.7396	12.2500	2.2857	3.2460	7.5623	3.8815	2
3.0000	5.5565	2.8831	5.5000	3.5714	2.9136	1.9653	1.8862	2
3.0000	2.0102	3.1912	3.2500	1.0000	3.5973	1.6093	1.2769	2
4.0000	4.7300	4.3196	5.5000	1.0000	4.7597	1.9412	1.4066	2
3.0000	5.3728	1.8850	7.7500	2.2857	2.3654	1.8855	1.7506	2
2.0000	2.2033	3.2246	3.2500	1.0000	3.8714	1.8290	2.4356	2
1.0000	3.3030	6.4519	3.2500	2.2857	5.7454	1.5139	3.1644	2
7.0000	6.2912	5.0708	3.2500	3.5714	4.2406	3.6046	2.0611	2
6.0000	10.4898	2.7527	10.0000	3.5714	2.3755	2.9789	1.8555	2
4.0000	4.0377	5.0027	1.0000	3.5714	4.6364	2.8872	2.6207	2
1.0000	2.8862	4.4812	3.2500	2.2857	6.0163	1.4034	2.5974	2
2.0000	1.8265	4.1777	3.2500	1.0000	4.7439	1.6212	1.9022	2
6.0000	5.2410	2.4538	5.5000	2.2857	2.0088	3.5279	2.3249	2
6.0000	6.7857	6.1219	7.7500	2.2857	7.0044	2.4426	1.3964	2
4.0000	5.0997	6.7196	7.7500	2.2857	4.2531	8.1634	9.3922	2
2.0000	5.7496	4.0219	5.5000	3.5714	3.4040	2.1660	3.2999	2
3.0000	4.6900	4.6069	5.5000	2.2857	4.5123	1.8577	1.7025	2
2.0000	3.3030	7.4027	5.5000	1.0000	4.8988	3.4774	6.6667	2
7.0000	3.8046	2.7031	5.5000	1.0000	2.5833	3.9073	2.2840	2
1.0000	2.8862	4.2458	3.2500	2.2857	5.7159	1.3901	2.5289	2
1.0000	4.1295	4.5942	3.2500	3.5714	4.4419	1.2836	1.9823	2
1.0000	5.7896	3.0792	3.2500	4.8571	4.8450	1.7688	4.4732	2
6.0000	3.6209	3.4946	5.5000	1.0000	3.8354	2.7719	1.6777	2
4.0000	5.9733	2.5404	7.7500	2.2857	2.7660	2.3778	1.9663	2
6.0000	4.6805	3.6365	7.7500	1.0000	3.9943	4.3556	3.0332	2
4.0000	4.4969	4.2377	5.5000	2.2857	3.5706	3.1063	2.9020	2
3.0000	4.9137	3.3331	3.2500	3.5714	3.2981	2.9658	3.5987	2
10.0000	9.0039	1.2227	14.5000	1.0000	1.3089	2.1056	0.6998	2
2.0000	2.2433	5.7492	3.2500	1.0000	7.0485	1.8472	2.4823	2
5.0000	4.7229	3.3135	5.5000	1.0000	2.5631	2.8437	2.0698	2
3.0000	3.4867	5.0846	5.5000	1.0000	5.7984	2.0726	2.0698	2
2.0000	3.4867	6.7992	3.2500	2.2857	5.6306	2.9246	5.2486	2
3.0000	3.2535	7.4154	3.2500	2.2857	4.9065	4.1125	5.5605	2
4.0000	4.9137	4.3173	5.5000	2.2857	3.6349	3.1790	2.9953	2
6.0000	5.2810	2.9812	5.5000	2.2857	3.5650	2.9056	1.7929	2
6.0000	3.8399	5.6869	5.5000	1.0000	3.9782	8.9700	6.9815	2
1.0000	4.5463	3.1923	3.2500	3.5714	2.7301	1.3850	2.5027	2
4.0000	7.0188	3.5627	7.7500	3.5714	3.0280	3.3420	3.2037	2
1.0000	7.0330	4.6104	1.0000	6.1429	3.8706	1.5363	3.2795	2
2.0000	4.7300	3.9815	3.2500	3.5714	3.3648	1.6482	1.9721	2
6.0000	5.2410	3.9677	5.5000	2.2857	3.3535	5.5965	4.0943	2
2.0000	5.3328	5.2231	3.2500	3.5714	5.0682	1.5917	1.8264	2
1.0000	4.7300	2.8681	1.0000	4.8571	3.2217	1.3342	2.2418	2
3.0000	2.3870	3.0769	3.2500	1.0000	4.0360	3.1503	3.9150	2
6.0000	2.9780	6.4669	3.2500	1.0000	8.8679	5.6647	4.1526	2
2.0000	2.2433	4.3565	3.2500	1.0000	3.6385	1.4662	1.5043	2
2.0000	4.7300	6.5385	3.2500	3.5714	6.3903	1.6189	1.8964	2
4.0000	4.4568	6.3492	5.5000	2.2857	8.7009	2.2668	1.8249	2
1.0000	4.5463	3.1185	3.2500	3.5714	3.7380	1.3288	2.2141	2
2.0000	2.8462	3.0769	5.5000	1.0000	4.0360	2.5362	4.2517	2
2.0000	6.8352	4.6058	5.5000	4.8571	4.4528	1.6266	1.9153	2
2.0000	3.3030	2.0696	5.5000	1.0000	2.6274	1.2992	1.0758	2
2.0000	2.8862	5.4538	5.5000	1.0000	5.7677	2.2887	3.6147	2
2.0000	4.0895	4.9196	5.5000	2.2857	6.6721	2.3273	3.7153	2
4.0000	4.1154	3.6758	5.5000	1.0000	4.9069	2.7444	2.4371	2
1.0000	2.2433	8.4862	1.0000	2.2857	6.1845	1.4401	2.7854	2
3.0000	4.7300	8.1354	5.5000	2.2857	5.6338	3.2702	4.1190	2
3.0000	4.1295	3.3319	7.7500	1.0000	4.4189	1.8977	1.7710	2
1.0000	3.3030	4.7869	3.2500	2.2857	4.4435	1.3344	2.2432	2
2.0000	3.3030	4.5758	5.5000	1.0000	5.6920	2.2095	3.4121	2
1.0000	4.7300	3.8015	1.0000	4.8571	4.3069	1.1820	1.4606	2
2.0000	3.4867	2.4458	3.2500	2.2857	2.4115	1.5076	1.6107	2
1.0000	4.5463	4.1327	3.2500	3.5714	17.0516	1.5851	3.5302	2
3.0000	4.2732	6.5385	5.5000	1.0000	6.3903	4.3436	5.9569	2
4.0000	7.0330	4.2342	10.0000	2.2857	4.0093	3.1742	2.9895	2
2.0000	5.7896	4.8077	5.5000	3.5714	5.9346	2.1802	3.3364	2
8.0000	10.8124	2.0962	10.0000	3.5714	2.1939	4.0986	2.1325	2
4.0000	4.4969	6.5304	5.5000	2.2857	4.7237	5.4972	5.9700	2
1.0000	2.0597	6.2731	3.2500	1.0000	6.3478	1.3432	2.2884	2
6.0000	8.2598	3.2673	12.2500	2.2857	2.4054	4.1792	2.8816	2
2.0000	2.8862	4.5896	5.5000	1.0000	4.8478	2.2640	3.5521	2
2.0000	4.5063	3.5258	5.5000	2.2857	3.9863	1.3909	1.3119	2
3.0000	2.4270	4.0808	3.2500	1.0000	3.4445	2.5947	2.9632	2
1.0000	2.8862	6.6850	3.2500	2.2857	4.6784	1.5661	3.4326	2
2.0000	4.1295	4.6888	5.5000	2.2857	5.3383	1.8810	2.5683	2
7.0000	6.5667	2.0465	10.0000	1.0000	2.2667	2.8633	1.5174	2
7.0000	6.9694	5.7112	10.0000	2.2857	7.7957	3.7696	2.1820	2
1.0000	3.4867	3.9238	1.0000	3.5714	3.8484	1.3983	2.5712	2
5.0000	3.8140	4.8538	5.5000	1.0000	5.6957	4.4336	3.7022	2
3.0000	2.4270	4.5723	3.2500	1.0000	4.5850	2.6901	3.1265	2
5.0000	5.5565	5.9962	10.0000	1.0000	6.3446	3.4371	2.6790	2
1.0000	2.0196	7.9485	3.2500	1.0000	6.0111	2.4244	7.8385	2
2.0000	4.3132	3.5835	3.2500	3.5714	2.8315	1.7879	2.3307	2
5.0000	6.9835	3.3342	5.5000	3.5714	2.8441	4.1015	3.3611	2
2.0000	3.4867	2.9638	3.2500	2.2857	3.5435	2.1524	3.2664	2
2.0000	5.7496	4.0265	5.5000	3.5714	5.1414	1.4372	1.4300	2
4.0000	5.5165	2.8312	7.7500	2.2857	3.1788	1.9937	1.4737	2
5.0000	4.8736	7.1027	7.7500	1.0000	5.8744	4.0924	3.3509	2
2.0000	2.2433	5.2738	3.2500	1.0000	5.5760	1.6135	1.8832	2
2.0000	1.8265	3.6273	3.2500	1.0000	4.3784	2.0919	3.1104	2
1.0000	1.6429	5.7400	3.2500	1.0000	5.6605	2.2495	6.9407	1
1.0000	4.3485	3.7519	3.2500	2.2857	4.7739	1.1840	1.4708	1
5.0000	4.0377	6.1808	3.2500	2.2857	5.8226	5.4574	4.7530	1
3.0000	5.7896	4.0381	5.5000	2.2857	3.5811	2.2078	2.3015	1
4.0000	4.2732	7.9888	7.7500	1.0000	4.9934	6.3216	7.0282	1
3.0000	7.0188	7.2146	5.5000	4.8571	5.6003	6.3321	9.3587	1
1.0000	2.0196	5.0615	3.2500	1.0000	5.8671	1.4906	3.0449	1
2.0000	4.5463	2.9304	5.5000	2.2857	3.2941	1.7030	2.1121	1
5.0000	6.3830	2.4631	10.0000	2.2857	2.7883	2.6106	1.8308	1
3.0000	3.0911	6.1277	5.5000	1.0000	6.1857	4.9773	7.0413	1
6.0000	7.9937	3.7612	5.5000	4.8571	4.7063	3.4859	2.2884	1
2.0000	4.3132	5.9915	3.2500	3.5714	5.0205	3.4428	6.5778	1
1.0000	2.0597	4.9231	3.2500	1.0000	8.7313	1.1681	1.3891	1
2.0000	4.1295	5.0592	5.5000	2.2857	5.1203	1.6984	2.1004	1
1.0000	1.6429	5.8173	1.0000	1.0000	6.7623	1.4940	3.0623	1
3.0000	3.9317	5.4308	7.7500	1.0000	5.4960	3.5245	4.5548	1
4.0000	4.4969	3.9377	5.5000	2.2857	4.5357	3.5759	3.5040	1
1.0000	2.0597	5.2427	3.2500	1.0000	5.1725	1.9054	5.1743	1
1.0000	2.0597	3.7923	3.2500	1.0000	4.8280	1.4156	2.6601	1
9.0000	6.5173	2.3315	7.7500	1.0000	2.6326	3.4834	1.5538	1
8.0000	5.0078	2.5035	7.7500	1.0000	2.4001	5.6678	3.1396	1
1.0000	2.0196	4.3219	3.2500	1.0000	4.0970	1.1831	1.4664	1
2.0000	3.4867	3.0954	3.2500	2.2857	3.2290	1.5096	1.6165	1
3.0000	5.7355	4.9704	5.5000	3.5714	5.2012	2.0085	1.9605	1
8.0000	5.0479	3.1612	7.7500	1.0000	2.5239	5.7992	3.2227	1
1.0000	3.4867	5.8750	1.0000	3.5714	5.9451	1.4443	2.8073	1
7.0000	5.0479	2.8358	5.5000	1.0000	2.7102	3.7449	2.1645	1
1.0000	2.8862	5.7169	3.2500	2.2857	6.7340	1.6368	3.7955	1
1.0000	8.2763	2.6165	3.2500	7.4286	2.9294	1.0559	0.8134	1
2.0000	4.6900	11.0327	3.2500	3.5714	7.9675	2.6700	4.5942	1
2.0000	1.8265	6.0238	3.2500	1.0000	5.0071	2.1385	3.2300	1
4.0000	4.9137	2.8577	5.5000	2.2857	2.7305	2.4403	2.0465	1
2.0000	3.2889	6.8754	3.2500	2.2857	4.3437	3.6753	7.1739	1
2.0000	2.2433	4.1673	3.2500	1.0000	4.8074	1.5181	1.6369	1
5.0000	7.6264	6.0550	7.7500	2.2857	5.0322	5.0903	4.3755	1
4.0000	4.1154	7.2192	7.7500	1.0000	6.8007	7.2878	8.2685	1
3.0000	2.3870	3.5604	3.2500	1.0000	3.4526	1.6533	1.3527	1
1.0000	1.6429	9.2223	3.2500	1.0000	8.6702	3.5896	13.8201	1
2.0000	2.2033	4.9842	3.2500	1.0000	5.0443	2.1002	3.1323	1
2.0000	5.3728	5.0812	5.5000	3.5714	5.1426	2.3281	3.7168	1
3.0000	4.4662	4.0935	5.5000	1.0000	3.9628	2.3043	2.4662	1
2.0000	4.5322	5.9431	3.2500	3.5714	4.5503	2.0729	3.0623	1
4.0000	5.0973	5.6200	3.2500	3.5714	4.6821	3.3536	3.2198	1
2.0000	3.3030	5.7988	5.5000	1.0000	6.0729	1.8603	2.5158	1
3.0000	1.3673	11.5600	1.0000	1.0000	9.7340	1.6303	1.3134	1
1.0000	5.7896	4.9588	3.2500	4.8571	3.9139	1.2561	1.8410	1
1.0000	2.0597	6.8892	3.2500	1.0000	6.4825	1.9009	5.1509	1
2.0000	4.0895	4.3115	5.5000	2.2857	3.6301	2.8480	5.0518	1
1.0000	2.0597	8.3962	3.2500	1.0000	5.5154	1.6416	3.8202	1
2.0000	1.8265	7.6335	3.2500	1.0000	8.9140	2.3616	3.8028	1
1.0000	1.6429	7.2319	3.2500	1.0000	5.4895	1.7481	4.3668	1
3.0000	4.8736	2.0177	3.2500	3.5714	3.1712	2.7921	3.3014	1
1.0000	4.5463	4.4142	3.2500	3.5714	4.7043	1.5289	3.2416	1
1.0000	3.4867	4.2308	1.0000	3.5714	8.5113	1.4188	2.6761	1
1.0000	2.2433	9.2742	1.0000	2.2857	6.3842	1.5443	3.3203	1
1.0000	1.8619	4.3369	3.2500	1.0000	5.0084	1.2584	1.8526	1
1.0000	3.3030	6.0954	3.2500	2.2857	5.7430	1.4523	2.8481	1
3.0000	5.5565	7.4385	5.5000	3.5714	4.6724	5.3998	7.7642	1
2.0000	3.4867	2.7088	3.2500	2.2857	2.5918	1.4895	1.5640	1
2.0000	4.3132	6.0435	3.2500	3.5714	5.0229	2.4922	4.1380	1
6.0000	5.7402	4.3865	7.7500	1.0000	3.6903	7.0856	5.3696	1
3.0000	2.6107	8.9050	1.0000	2.2857	7.1532	7.7125	11.7213	1
2.0000	2.8862	7.8608	3.2500	1.0000	5.4531	2.5675	4.3304	1
3.0000	4.3132	5.8877	5.5000	1.0000	5.6795	3.1552	3.9223	1
4.0000	5.7755	4.6554	7.7500	2.2857	4.7120	3.1924	3.0128	1
4.0000	3.2747	1.2250	3.2500	1.0000	1.2664	4.0237	4.0797	1
1.0000	2.0597	5.5196	3.2500	1.0000	5.5861	1.3503	2.3249	1
1.0000	1.0000	3.0769	1.0000	1.0000	4.0360	1.5891	3.5506	1
5.0000	6.9435	5.2058	7.7500	3.5714	4.9146	3.8675	3.1206	1
3.0000	3.2535	7.9773	1.0000	2.2857	6.0321	4.5500	6.3096	1
1.0000	3.3030	7.4431	1.0000	2.2857	6.1481	2.4573	8.0076	1
5.0000	5.5565	2.8992	7.7500	1.0000	2.3739	2.7625	1.9867	1
3.0000	5.8932	2.9073	5.5000	3.5714	3.2674	2.6501	3.0580	1
3.0000	3.2535	3.1265	3.2500	2.2857	3.7481	1.3878	0.8980	1
7.0000	3.8046	6.9458	5.5000	1.0000	5.2809	12.1478	8.3268	1
3.0000	5.9333	6.5385	5.5000	2.2857	6.3903	2.0337	2.0042	1
6.0000	4.8642	3.6296	5.5000	2.2857	4.1706	5.2416	3.7911	1
3.0000	7.4003	7.1142	3.2500	4.8571	5.5251	2.6101	2.9895	1
3.0000	3.0699	6.4208	1.0000	1.0000	4.8984	5.2763	7.5529	1
3.0000	2.4270	8.0269	1.0000	1.0000	6.6179	4.3010	5.8840	1
3.0000	4.9137	1.7731	3.2500	3.5714	2.1252	1.4015	0.9213	1
1.0000	2.0597	4.2296	3.2500	1.0000	4.2814	1.3421	2.2826	1
6.0000	4.6805	2.9385	7.7500	1.0000	2.8061	3.0550	1.9197	1
1.0000	3.3030	5.0050	3.2500	2.2857	5.0654	1.8452	4.8653	1
1.0000	2.2433	4.7062	1.0000	2.2857	4.5143	1.3032	2.0829	1
2.0000	3.3030	4.2227	5.5000	1.0000	5.4042	1.4960	1.5815	1
5.0000	4.6405	3.1254	5.5000	2.2857	3.0426	3.5677	2.8131	1
1.0000	4.5463	4.0681	3.2500	2.2857	4.1181	1.3611	2.3802	1
3.0000	6.6162	3.5650	5.5000	3.5714	4.5240	2.1217	2.1543	1
4.0000	4.0801	4.6669	5.5000	2.2857	3.3491	4.5960	4.8143	1
3.0000	4.4969	6.1335	3.2500	2.2857	6.0466	3.3968	4.3362	1
4.0000	4.5322	4.9496	7.7500	1.0000	3.8270	3.9674	4.0068	1
3.0000	4.9137	6.6227	3.2500	3.5714	5.4887	2.7892	3.2970	1
5.0000	6.2606	4.1915	5.5000	3.5714	5.3625	1.5122	0.7027	1
2.0000	4.5063	4.1304	5.5000	2.2857	4.2584	2.8014	4.9309	1
4.0000	4.1154	4.7985	7.7500	1.0000	4.5418	3.0771	2.8641	1
4.0000	3.6703	3.9250	5.5000	1.0000	4.1395	3.6111	3.5491	1
1.0000	1.6429	4.3312	3.2500	1.0000	4.5288	1.2595	1.8585	1
2.0000	4.7300	3.9758	3.2500	3.5714	4.1549	1.8850	2.5799	1
3.0000	3.4466	7.3715	5.5000	1.0000	4.8794	5.2896	7.5747	1
5.0000	3.6562	3.0077	5.5000	1.0000	2.8708	2.0238	1.2274	1
3.0000	3.0699	6.8592	3.2500	1.0000	7.9970	3.5132	4.5359	1
1.0000	3.3030	4.7592	3.2500	2.2857	4.4985	1.3949	2.5537	1
4.0000	2.4129	4.8412	3.2500	1.0000	6.5609	2.4423	2.0494	1
11.0000	8.6578	3.0769	14.5000	1.0000	4.0360	5.3762	2.1718	1
2.0000	3.4867	6.3942	3.2500	2.2857	5.3047	2.2992	3.6424	1
1.0000	2.0597	4.0519	3.2500	1.0000	3.9228	1.1862	1.4824	1
2.0000	3.1052	3.8650	3.2500	1.0000	4.9255	2.0439	2.9880	1
2.0000	5.7896	4.8146	5.5000	3.5714	6.5168	1.8659	2.5304	1
1.0000	1.6429	4.5562	3.2500	1.0000	6.1222	1.4696	2.9370	1
3.0000	3.2488	5.4908	5.5000	1.0000	5.1879	6.0988	8.9594	1
1.0000	2.0196	9.4738	3.2500	1.0000	8.8647	2.1274	6.3140	1
1.0000	2.0597	4.7096	3.2500	1.0000	4.9744	1.6306	3.7634	1
3.0000	4.1154	4.4165	5.5000	2.2857	4.6186	2.5150	2.8277	1
1.0000	4.5463	6.2558	3.2500	3.5714	6.5536	1.2439	1.7783	1
1.0000	2.2433	4.4973	1.0000	2.2857	3.4974	1.7898	4.5811	1
2.0000	2.2033	7.4073	3.2500	1.0000	5.6173	3.1308	5.7777	1
3.0000	3.0699	8.6281	1.0000	1.0000	7.1011	4.4657	6.1653	1
2.0000	4.5463	3.8327	5.5000	2.2857	4.4112	1.6431	1.9590	1
3.0000	3.0699	4.8746	5.5000	1.0000	5.6456	2.8982	3.4836	1
2.0000	2.2033	5.1042	3.2500	1.0000	3.9394	1.8773	2.5595	1
5.0000	3.4372	4.2919	5.5000	1.0000	4.9554	5.0650	4.3508	1
1.0000	2.0597	7.9531	3.2500	1.0000	6.0147	1.7135	4.1890	1
1.0000	1.6429	6.7785	3.2500	1.0000	5.1592	2.5629	8.5498	1
1.0000	3.3030	5.6604	3.2500	2.2857	4.0036	1.3574	2.3613	1
1.0000	3.2630	6.4369	3.2500	2.2857	6.0612	1.7563	4.4091	1
7.0000	6.3265	3.9504	7.7500	2.2857	3.0988	5.4035	3.3815	1
1.0000	4.7300	5.0835	1.0000	4.8571	4.9101	1.1919	1.5116	1
2.0000	5.3728	4.7281	5.5000	3.5714	5.4721	1.8517	2.4939	1
4.0000	4.1366	5.3985	7.7500	1.0000	5.2113	3.3692	3.2387	1
1.0000	2.8862	6.1127	3.2500	2.2857	5.0783	1.3489	2.3176	1
3.0000	3.0699	5.1908	5.5000	1.0000	5.2534	2.5567	2.8991	1
2.0000	3.4867	4.9692	3.2500	2.2857	5.2518	1.5596	1.7433	1
4.0000	4.2991	4.0196	5.5000	2.2857	5.1325	7.1331	8.0688	1
1.0000	2.0597	4.3358	3.2500	1.0000	5.5554	1.2056	1.5815	1
1.0000	4.5463	4.4869	3.2500	3.5714	5.7580	1.1681	1.3891	1
1.0000	3.3030	5.9765	3.2500	2.2857	4.5749	1.4582	2.8787	1
4.0000	4.8736	4.5458	5.5000	2.2857	3.7894	2.5059	2.1310	1
2.0000	2.2433	4.5054	3.2500	1.0000	9.3381	2.0403	2.9778	1
2.0000	4.5063	6.0019	5.5000	2.2857	4.6934	2.0803	3.0813	1
2.0000	2.2433	5.4631	3.2500	1.0000	4.2907	2.0840	3.0900	1
2.0000	3.4867	7.4535	3.2500	1.0000	6.1566	3.9447	7.8662	1
2.0000	5.3728	6.9446	5.5000	3.5714	7.9606	1.8671	2.5333	1
5.0000	5.0573	2.2000	5.5000	2.2857	2.6969	2.0544	1.2594	1
2.0000	4.7300	6.4923	3.2500	3.5714	5.3836	1.9571	2.7636	1
3.0000	4.7300	7.4269	5.5000	2.2857	6.1352	2.8857	3.4617	1
6.0000	4.6805	8.3650	5.5000	1.0000	7.8701	4.3680	3.0434	1
1.0000	3.3030	5.5219	3.2500	2.2857	5.8384	1.8066	4.6670	1
3.0000	3.6703	5.8450	3.2500	2.2857	5.9148	2.5655	2.9137	1
4.0000	6.7998	3.3077	7.7500	3.5714	5.3164	3.7943	3.7838	1
7.0000	5.0832	3.0112	7.7500	1.0000	2.8740	5.1993	3.2314	1
1.0000	2.0597	3.5004	3.2500	1.0000	4.6332	1.3577	2.3628	1
1.0000	1.0000	3.0769	1.0000	1.0000	4.0360	1.2961	2.0465	1
2.0000	4.0895	7.2492	5.5000	2.2857	5.9925	2.8574	5.0751	1
1.0000	2.0196	4.6162	3.2500	1.0000	4.8749	1.7742	4.5009	1
3.0000	3.2535	6.7992	3.2500	2.2857	5.1741	4.0018	5.3710	1
1.0000	1.8619	7.2123	3.2500	1.0000	7.2980	1.6334	3.7780	1
5.0000	4.4969	1.8135	7.7500	1.0000	2.0189	2.3452	1.5582	1
1.0000	2.8862	3.9862	3.2500	2.2857	3.7837	2.0153	5.7383	1
4.0000	4.8336	7.0450	5.5000	2.2857	4.9873	4.5341	4.7341	1
7.0000	3.7645	1.5642	5.5000	1.0000	1.7237	2.5822	1.3119	1
1.0000	3.3030	3.5973	3.2500	2.2857	4.5668	1.1261	1.1734	1
2.0000	2.8862	7.3023	5.5000	1.0000	5.5404	2.1646	3.2970	1
2.0000	1.1837	7.5065	1.0000	1.0000	7.3841	3.5410	6.8300	1
2.0000	2.2033	4.7235	3.2500	1.0000	4.4718	2.3480	3.7678	1
6.0000	10.2920	2.7042	10.0000	4.8571	2.4753	4.1900	2.8918	1
1.0000	1.6429	9.9192	3.2500	1.0000	7.4468	2.6183	8.8340	1
3.0000	4.3132	4.5331	5.5000	2.2857	4.7415	2.1677	2.2330	1
8.0000	6.7504	5.8185	10.0000	1.0000	4.8418	11.2580	6.7265	1
1.0000	1.6429	7.2654	3.2500	1.0000	5.0609	2.2657	7.0238	1
6.0000	2.7802	8.0731	3.2500	1.0000	5.9423	8.5498	6.6215	1
2.0000	4.5463	7.3877	5.5000	2.2857	5.0840	3.0893	5.6698	1
1.0000	5.7896	7.1731	3.2500	4.8571	7.2580	1.3705	2.4283	1
6.0000	5.9192	3.3677	10.0000	1.0000	3.2067	2.7568	1.6646	1
1.0000	3.3030	4.7558	3.2500	2.2857	5.5049	1.1420	1.2551	1
1.0000	2.2433	4.0196	1.0000	2.2857	5.1325	1.0204	0.6313	1
1.0000	3.3030	7.2446	1.0000	2.2857	5.9387	1.3046	2.0902	1
11.0000	6.0440	5.3465	10.0000	1.0000	7.2782	9.9753	4.3172	1
2.0000	5.7896	5.5208	5.5000	3.5714	4.1084	2.4817	4.1103	1
1.0000	2.2433	6.8315	1.0000	2.2857	7.9639	1.7694	4.4761	1
3.0000	3.0298	4.6935	5.5000	1.0000	4.6336	4.1168	5.5678	1
2.0000	3.4867	9.2858	3.2500	2.2857	6.7445	3.2332	6.0400	1
2.0000	3.4867	4.3069	3.2500	1.0000	4.5458	2.0706	3.0551	1
1.0000	2.0597	3.7323	3.2500	1.0000	4.2923	1.3282	2.2112	1
2.0000	4.5063	5.5773	5.5000	2.2857	5.8974	3.1750	5.8913	1
1.0000	1.8619	4.3542	3.2500	1.0000	4.2123	1.1914	1.5087	1
2.0000	2.2433	3.7842	3.2500	1.0000	3.5953	1.8645	2.5274	1
1.0000	4.5463	6.1750	3.2500	3.5714	5.1284	1.6564	3.8960	1
2.0000	3.4466	6.3135	3.2500	1.0000	6.1178	1.7353	2.1951	1
1.0000	3.3030	5.0212	3.2500	2.2857	3.8787	1.8838	5.0635	1
3.0000	3.4867	5.7458	5.5000	1.0000	5.4256	3.6605	4.7880	1
3.0000	2.4270	5.0235	3.2500	1.0000	5.8218	2.0190	1.9780	1
2.0000	7.0330	3.6538	5.5000	4.8571	6.3826	1.6098	1.8730	1
1.0000	2.8862	7.1177	3.2500	2.2857	4.9085	1.6697	3.9645	1
1.0000	2.0196	6.0181	3.2500	1.0000	5.6799	2.9456	10.5145	1
1.0000	2.0597	7.6485	3.2500	1.0000	6.3135	1.9752	5.5328	1
1.0000	2.0196	6.0896	3.2500	1.0000	6.1623	1.6504	3.8654	1
2.0000	3.0699	4.9715	3.2500	2.2857	5.2530	2.3398	3.7459	1
4.0000	4.2732	7.1973	7.7500	1.0000	5.0160	3.9567	3.9922	1
1.0000	3.2630	4.7177	3.2500	2.2857	5.4596	1.6192	3.7051	1
1.0000	3.3030	7.9392	3.2500	2.2857	6.1420	1.5931	3.5710	1
1.0000	2.0597	7.3000	3.2500	1.0000	5.6642	1.9298	5.2996	1
2.0000	2.2433	5.5542	3.2500	1.0000	5.2469	2.1132	3.1644	1
2.0000	6.7998	2.7527	3.2500	6.1429	3.0875	1.1039	0.5744	1
1.0000	2.0196	5.8288	3.2500	1.0000	5.8987	2.4633	8.0382	1
1.0000	2.0597	3.0769	3.2500	1.0000	4.0360	1.5914	3.5623	1
5.0000	4.9137	4.2308	7.7500	1.0000	3.3030	4.8166	4.0957	1
6.0000	8.0432	2.5831	12.2500	1.0000	2.4745	2.8054	1.7069	1
4.0000	4.6805	3.4219	3.2500	2.2857	3.3199	2.4565	2.0669	1
7.0000	9.2582	7.2238	7.7500	4.8571	5.9221	9.4274	6.3315	1
4.0000	8.0432	6.4612	5.5000	4.8571	5.3585	3.6793	3.6366	1
3.0000	3.4066	2.0962	5.5000	1.0000	2.3536	2.4809	2.7694	1
4.0000	4.2331	8.6338	7.7500	1.0000	6.5104	6.4872	7.2410	1
2.0000	2.8862	8.0500	5.5000	1.0000	6.6361	3.1498	5.8257	1
2.0000	4.5463	8.0131	5.5000	2.2857	5.2776	3.9249	7.8152	1
5.0000	5.9239	5.1296	5.5000	2.2857	5.3690	3.3443	2.5828	1
1.0000	1.0000	9.5581	1.0000	1.0000	6.5710	1.4807	2.9938	1
3.0000	2.0102	4.3519	1.0000	1.0000	4.5935	3.6603	4.7866	1
2.0000	2.2033	6.0112	3.2500	1.0000	5.9265	2.7960	4.9177	1
2.0000	4.7300	6.4335	1.0000	3.5714	5.3363	1.9630	2.7796	1
1.0000	2.0597	10.0727	3.2500	1.0000	6.9102	1.5979	3.5958	1
7.0000	5.2810	5.3373	5.5000	1.0000	4.1969	5.4756	3.4340	1
5.0000	3.4372	5.4562	5.5000	1.0000	5.1478	10.3833	9.8105	1
1.0000	1.6429	4.4119	3.2500	1.0000	3.6826	2.1061	6.2047	1
1.0000	3.3030	3.7704	3.2500	2.2857	3.5823	1.3157	2.1470	1
4.0000	3.4372	5.7354	3.2500	2.2857	5.7903	3.6688	3.6235	1
3.0000	3.4725	4.4454	3.2500	2.2857	4.2992	2.0150	1.9721	1
1.0000	1.8619	5.8542	3.2500	1.0000	5.9245	2.3273	7.3401	1
4.0000	4.4969	4.6635	3.2500	1.0000	4.4156	2.5050	2.1296	1
2.0000	3.4867	10.3138	3.2500	2.2857	9.6729	1.8066	2.3773	1
4.0000	3.8964	6.4600	7.7500	1.0000	6.0923	4.7153	4.9673	1
3.0000	3.6303	4.2608	3.2500	2.2857	3.3252	3.3014	4.1730	1
3.0000	3.2889	4.4858	5.5000	1.0000	3.4889	2.7299	3.1950	1
3.0000	2.0102	6.0412	3.2500	1.0000	5.7013	3.3851	4.3158	1
1.0000	3.2630	4.3819	3.2500	2.2857	5.6173	1.3472	2.3088	1
1.0000	3.3030	5.8312	3.2500	2.2857	5.6253	1.3989	2.5741	1
3.0000	3.0911	6.0354	5.5000	1.0000	5.8210	2.7955	3.3072	1
2.0000	2.2433	3.9562	3.2500	1.0000	3.7558	1.5363	1.6836	1
5.0000	5.0573	4.8250	5.5000	2.2857	5.5869	3.7886	3.0390	1
5.0000	4.2991	3.2685	7.7500	1.0000	3.1142	2.4130	1.6267	1
5.0000	5.5024	3.7669	7.7500	1.0000	3.5791	5.4177	4.7122	1
10.0000	9.0039	5.9131	10.0000	2.2857	6.8759	3.9229	1.6340	1
3.0000	4.9137	3.6862	3.2500	3.5714	4.0501	2.7055	3.1527	1
5.0000	6.7951	8.2254	10.0000	1.0000	6.2128	5.6939	4.9964	1
2.0000	4.5463	7.1292	5.5000	2.2857	5.8958	2.2538	3.5258	1
1.0000	3.1052	2.8542	1.0000	2.2857	2.7770	1.2215	1.6632	1
1.0000	2.0597	4.9473	3.2500	1.0000	4.7945	1.4196	2.6805	1
5.0000	4.8995	4.7835	5.5000	2.2857	4.6230	4.0907	3.3495	1
3.0000	4.3132	3.0769	5.5000	2.2857	4.0360	1.9437	1.8497	1
7.0000	6.7504	2.0258	10.0000	2.2857	1.9542	3.2296	1.7870	1
4.0000	2.6107	3.3008	3.2500	1.0000	5.6265	3.6145	3.5535	1
2.0000	3.2630	5.0465	3.2500	1.0000	5.8493	1.8375	2.4575	1
1.0000	5.7896	4.4142	3.2500	4.8571	4.7043	1.4738	2.9589	1
1.0000	2.2433	5.4712	1.0000	2.2857	5.1616	2.0008	5.6640	1
8.0000	5.4576	2.6062	5.5000	2.2857	2.9173	3.6912	1.8701	1
2.0000	3.0699	5.5981	3.2500	2.2857	4.3085	2.8582	5.0766	1
6.0000	2.5612	9.1877	3.2500	1.0000	6.6757	7.8068	5.9861	1
2.0000	4.5463	4.3888	5.5000	2.2857	4.4423	1.9815	2.8262	1
3.0000	3.2889	3.0446	5.5000	1.0000	2.9051	2.6436	3.0478	1
1.0000	2.0597	8.0292	3.2500	1.0000	6.6195	1.5531	3.3655	1
1.0000	3.3030	4.5342	3.2500	2.2857	5.1584	1.1107	1.0947	1
1.0000	2.8862	4.0923	3.2500	1.0000	5.2295	1.2453	1.7856	1
1.0000	2.0196	4.2331	3.2500	1.0000	7.4108	1.5374	3.2853	1
6.0000	5.5071	3.4588	7.7500	2.2857	3.5019	3.8911	2.6353	1
5.0000	4.0801	4.6173	7.7500	1.0000	3.3167	4.6355	3.9091	1
2.0000	2.4270	7.2885	1.0000	2.2857	5.5303	2.4511	4.0330	1
2.0000	3.0699	5.5992	3.2500	2.2857	3.9632	2.5309	4.2371	1
1.0000	2.2433	6.6273	1.0000	2.2857	6.3871	1.5761	3.4836	1
4.0000	7.8053	9.7069	7.7500	4.8571	6.8334	5.6380	6.1508	1
1.0000	3.2630	2.5427	3.2500	1.0000	4.1759	1.4083	2.6222	1
1.0000	5.7896	2.7896	1.0000	3.5714	4.6481	1.0429	0.7464	1
5.0000	5.8932	7.8665	10.0000	1.0000	4.9218	11.7381	11.2010	1
1.0000	3.3030	3.7727	3.2500	2.2857	6.5298	2.8909	10.2332	1
2.0000	3.4867	4.3265	3.2500	2.2857	4.1856	1.5295	1.6661	1
1.0000	3.3030	6.5385	3.2500	2.2857	6.3903	1.4219	2.6921	1
7.0000	6.1429	3.4819	7.7500	1.0000	2.7575	4.1332	2.4487	1
4.0000	3.2535	2.5427	5.5000	1.0000	2.8829	3.1149	2.9122	1
4.0000	4.5181	3.5685	5.5000	2.2857	3.7598	4.3124	4.4499	1
3.0000	7.6217	4.0358	5.5000	3.5714	3.8787	2.9953	3.6497	1
1.0000	2.0597	4.2215	3.2500	1.0000	4.0032	1.3739	2.4458	1
3.0000	5.8932	7.5769	5.5000	3.5714	5.8712	4.1435	5.6144	1
5.0000	6.7857	5.6004	7.7500	2.2857	5.6678	4.0296	3.2868	1
2.0000	3.0699	3.0123	3.2500	2.2857	3.0503	1.6612	2.0057	1
1.0000	1.0000	5.2992	1.0000	1.0000	5.6015	1.8901	5.0955	1
1.0000	1.0000	5.7965	1.0000	1.0000	7.1080	1.1755	1.4270	1
2.0000	4.5063	4.7027	5.5000	2.2857	3.9446	3.1055	5.7121	1
2.0000	4.7300	2.8773	1.0000	3.5714	3.6034	1.9372	2.7126	1
1.0000	1.0000	9.2696	1.0000	1.0000	10.6635	1.2709	1.9168	1
4.0000	4.0801	6.2569	5.5000	2.2857	5.1943	3.0933	2.8845	1
3.0000	5.8932	3.4046	3.2500	3.5714	6.3863	2.3917	2.6164	1
6.0000	6.9835	2.1446	5.5000	2.2857	2.4111	3.5708	2.3613	1
4.0000	5.0973	4.3646	3.2500	2.2857	4.1371	3.2122	3.0376	1
4.0000	4.6805	6.0204	3.2500	3.5714	6.3689	4.2437	4.3610	1
4.0000	3.2135	5.5300	5.5000	1.0000	5.2243	3.9561	3.9922	1
2.0000	2.4270	7.9935	1.0000	1.0000	9.1801	1.6320	1.9299	1
2.0000	2.2433	5.0938	3.2500	1.0000	5.6274	1.8529	2.4968	1
8.0000	3.3454	10.3888	3.2500	1.0000	7.5167	7.9581	4.6087	1
3.0000	3.4466	3.8800	5.5000	1.0000	4.4670	2.1257	2.1616	1
1.0000	3.3030	4.5896	3.2500	2.2857	4.8466	1.7089	4.1657	1
1.0000	2.0597	2.6950	3.2500	1.0000	3.0632	1.2592	1.8570	1
6.0000	9.4655	3.9654	7.7500	2.2857	4.1823	4.2224	2.9195	1
5.0000	5.3234	1.8596	5.5000	2.2857	2.0735	2.3497	1.5626	1
3.0000	2.4270	5.5669	3.2500	1.0000	5.2590	3.3164	4.1992	1
1.0000	3.3030	5.0650	3.2500	2.2857	5.1260	1.4105	2.6338	1
1.0000	2.0196	8.0338	3.2500	1.0000	5.8594	1.9077	5.1859	1
1.0000	4.3485	4.5135	3.2500	3.5714	5.1345	1.2995	2.0640	1
3.0000	3.2889	5.8646	5.5000	1.0000	4.4933	3.1671	3.9427	1
7.0000	5.6907	3.2119	7.7500	2.2857	3.6757	7.0016	4.5534	1
1.0000	2.0597	3.5004	3.2500	1.0000	4.0174	1.2882	2.0057	1
1.0000	1.6429	6.1658	3.2500	1.0000	4.8159	1.5102	3.1454	1
4.0000	4.7300	6.5235	7.7500	1.0000	6.1420	2.4883	2.1091	1
3.0000	3.2889	2.7954	5.5000	1.0000	2.6726	1.8205	1.6384	1
7.0000	6.9647	3.0319	10.0000	1.0000	2.8934	2.9417	1.5757	1
4.0000	4.0377	7.3600	1.0000	2.2857	5.1090	4.4646	4.6452	1
6.0000	4.6805	2.8796	7.7500	1.0000	2.4774	4.1060	2.8189	1
1.0000	2.8862	7.1454	3.2500	1.0000	6.7214	1.8103	4.6860	1
3.0000	4.9137	3.1646	3.2500	3.5714	3.6195	1.9125	1.7958	1
6.0000	7.1672	5.2912	5.5000	2.2857	4.9938	2.7134	1.6282	1
4.0000	3.4372	6.9815	3.2500	2.2857	6.5791	3.7020	3.6657	1
1.0000	1.6429	4.2527	3.2500	1.0000	5.4442	1.1315	1.2011	1
2.0000	2.2433	7.1062	3.2500	1.0000	5.3585	3.2361	6.0473	1
2.0000	2.2033	7.9242	3.2500	1.0000	5.9492	5.1553	10.9736	1
1.0000	5.7896	5.0512	3.2500	4.8571	4.8790	1.4878	3.0303	1
1.0000	2.0196	6.7208	3.2500	1.0000	6.3357	2.0442	5.8870	1
2.0000	5.9333	5.0269	3.2500	4.8571	5.7313	1.6368	1.9430	1
1.0000	2.0597	7.5077	1.0000	1.0000	7.2673	1.4378	2.7738	1
2.0000	4.3485	4.7673	5.5000	2.2857	3.7708	1.5167	1.6340	1
6.0000	5.3234	2.0812	7.7500	1.0000	2.0059	2.4809	1.4285	1
3.0000	4.3485	5.0696	5.5000	1.0000	4.2398	2.9380	3.5506	1
1.0000	5.3728	6.2004	3.2500	4.8571	4.8418	1.3660	2.4050	1
2.0000	3.2889	9.9665	3.2500	2.2857	6.8403	3.8570	7.6418	1
9.0000	7.1389	5.2358	12.2500	2.2857	5.5340	5.0483	2.4473	1
8.0000	7.1484	2.7527	10.0000	1.0000	2.6326	3.6526	1.8453	1
2.0000	2.2433	4.2942	3.2500	1.0000	7.5276	1.7084	2.1266	1
4.0000	5.5565	5.1019	7.7500	2.2857	3.9377	6.5593	7.3328	1
2.0000	4.7300	4.2596	3.2500	3.5714	3.0810	1.9156	2.6572	1
9.0000	10.7724	3.7254	12.2500	2.2857	4.7383	2.3804	0.9257	1
2.0000	4.7300	2.5300	1.0000	3.5714	3.1384	1.6990	2.1019	1
1.0000	4.7300	10.6162	1.0000	4.8571	7.9546	1.7788	4.5242	1
2.0000	5.9733	8.1712	3.2500	3.5714	6.3151	1.9551	2.7592	1
1.0000	2.0597	5.3431	3.2500	1.0000	5.6484	1.7893	4.5781	1
1.0000	1.6429	7.7442	1.0000	1.0000	6.3903	2.0573	5.9540	1
6.0000	4.4827	4.7246	5.5000	1.0000	5.1551	8.2477	6.3636	1
2.0000	3.2889	9.3723	3.2500	2.2857	6.3737	2.6932	4.6539	1
4.0000	3.6703	3.0342	5.5000	1.0000	3.4651	2.8346	2.5537	1
9.0000	6.0934	5.3558	10.0000	1.0000	3.8031	7.4130	3.7955	1
2.0000	2.2033	7.6623	3.2500	1.0000	7.2143	1.6311	1.9270	1
1.0000	2.2433	6.2719	1.0000	1.0000	6.0470	1.2592	1.8570	1
4.0000	4.6758	9.0031	3.2500	2.2857	7.4027	4.5974	4.8157	1
1.0000	3.4867	6.3585	1.0000	2.2857	4.4148	1.7856	4.5592	1
6.0000	3.6209	2.8785	5.5000	1.0000	3.2807	3.2423	2.0800	1
3.0000	4.9560	3.3665	5.5000	2.2857	3.2815	2.2146	2.3132	1
5.0000	4.6805	4.0762	7.7500	2.2857	5.2081	2.6194	1.8395	1
6.0000	6.1075	2.4642	5.5000	3.5714	2.3633	3.9635	2.6980	1
3.0000	5.1397	4.2850	5.5000	2.2857	3.4101	2.2220	2.3263	1
3.0000	5.3728	3.4012	7.7500	2.2857	2.7495	2.2785	2.4225	1
1.0000	1.0000	4.6785	1.0000	1.0000	5.7009	1.6096	3.6555	1
1.0000	3.3030	4.7154	3.2500	2.2857	8.3338	1.3997	2.5785	1
2.0000	1.8265	4.5758	5.5000	1.0000	8.0666	3.5095	6.7483	1
3.0000	3.0699	6.5212	5.5000	1.0000	6.1493	3.2934	4.1598	1
1.0000	3.2630	9.6238	3.2500	1.0000	9.0446	1.1422	1.2565	1
2.0000	2.8862	5.4965	5.5000	1.0000	5.1931	2.4093	3.9252	1
2.0000	3.0699	3.7173	3.2500	2.2857	3.7631	1.6257	1.9138	1
6.0000	6.7457	5.6385	7.7500	2.2857	5.6925	6.4673	4.8390	1
7.0000	8.8273	3.9319	5.5000	3.5714	3.3248	3.2233	1.7827	1
4.0000	3.4372	6.7381	3.2500	2.2857	5.5813	3.7534	3.7328	1
1.0000	2.2433	2.3119	1.0000	2.2857	2.6096	1.2075	1.5917	1
6.0000	3.2041	6.1773	5.5000	1.0000	5.8283	6.0394	4.4732	1
1.0000	2.0196	5.6938	3.2500	1.0000	6.6163	1.4582	2.8787	1
1.0000	4.5063	7.6473	3.2500	3.5714	5.2526	1.8747	5.0168	1
3.0000	3.0699	3.2938	3.2500	1.0000	2.7923	3.2798	4.1365	1
3.0000	3.2535	4.4777	3.2500	2.2857	4.2426	3.5626	4.6204	1
2.0000	1.8265	6.6285	3.2500	1.0000	4.8838	2.3174	3.6891	1
2.0000	2.0455	4.9162	3.2500	1.0000	4.7500	2.4448	4.0155	1
3.0000	2.4270	5.5312	3.2500	1.0000	5.4555	3.2562	4.0957	1
3.0000	6.4184	8.2738	7.7500	3.5714	6.8164	4.2593	5.8126	1
1.0000	3.3030	3.5408	3.2500	2.2857	3.4336	1.7155	4.1992	1
3.0000	7.0330	5.7492	7.7500	2.2857	4.7864	2.7270	3.1906	1
2.0000	2.2033	5.5346	1.0000	1.0000	5.2287	2.1544	3.2708	1
2.0000	4.7300	6.9262	3.2500	2.2857	5.7325	2.0928	3.1119	1
1.0000	5.7896	6.0654	3.2500	4.8571	6.1380	1.6655	3.9427	1
5.0000	4.2637	3.3492	5.5000	2.2857	2.8999	3.4618	2.7038	1
1.0000	4.1295	5.0546	3.2500	3.5714	13.0659	2.2509	6.9480	1
8.0000	7.7206	3.4865	7.7500	3.5714	4.4189	2.0411	0.8120	1
1.0000	2.0196	4.5215	3.2500	1.0000	6.8007	1.5985	3.5987	1
1.0000	3.3030	6.2765	3.2500	2.2857	7.3065	1.2842	1.9853	1
1.0000	5.3728	5.9800	3.2500	4.8571	4.9716	2.5885	8.6810	1
1.0000	3.3030	4.6069	3.2500	2.2857	5.9185	1.3044	2.0887	1
9.0000	6.2111	6.4150	10.0000	1.0000	6.7210	9.1159	4.7676	1
6.0000	5.8791	8.1042	7.7500	1.0000	6.6798	6.4610	4.8347	1
1.0000	3.1052	3.0008	3.2500	2.2857	3.4255	1.2146	1.6282	1
1.0000	2.2433	6.7462	1.0000	2.2857	7.7298	1.1354	1.2215	1
1.0000	2.0597	3.0769	3.2500	1.0000	4.0360	1.5568	3.3845	1
1.0000	3.3030	4.8273	3.2500	2.2857	5.0993	1.7453	4.3522	1
5.0000	3.8140	8.9373	5.5000	1.0000	6.5003	4.0180	3.2751	1
1.0000	3.4867	4.2308	1.0000	2.2857	8.5113	1.4784	2.9822	1
1.0000	1.0000	3.5177	1.0000	1.0000	4.0380	1.1411	1.2507	1
4.0000	5.7402	2.4723	5.5000	3.5714	2.0549	2.1893	1.7244	1
2.0000	4.4662	5.2831	5.5000	2.2857	6.4166	2.6524	4.5490	1
6.0000	5.6860	2.9569	7.7500	2.2857	2.8194	4.0532	2.7738	1
